10000 300.000000 0.010000 32.523740 0.000000
10000 300.000000 0.000001 292.848506 0.000000
10000 300.000000 0.004000 47.564989 0.000000
10000 300.000000 0.004000 74.689387 0.000000
10000 300.000000 0.002000 305.760586 0.000000
10000 300.000000 0.002000 5.789503 0.000000
10000 300.000000 0.100000 9.300508 0.000000
10000 300.000000 0.020000 3.467814 0.000000
10000 300.000000 0.070000 10.498010 0.000000
10000 300.000000 0.040000 15.795000 0.000000
10000 300.000000 0.250000 -12.379642 0.000000
10000 300.000000 0.350000 -9.002130 0.000000
10000 300.000000 0.350000 -18.297542 0.000000
10000 300.000000 0.250000 -11.671968 0.000000
10000 300.000000 0.350000 -18.242632 0.000000
10000 300.000000 0.500000 -25.475009 0.000000
10000 300.000000 0.500000 -20.530346 0.000000
10000 300.000000 0.500000 -18.409482 0.000000
10000 300.000000 0.500000 -20.742606 0.000000
10000 300.000000 0.350000 -15.020658 0.000000
10000 300.000000 0.350000 -10.148560 0.000000
10000 300.000000 0.250000 -1.253619 0.000000
10000 300.000000 0.250000 -15.399072 0.000000
10000 300.000000 0.350000 -5.054764 0.000000
10000 300.000000 0.250000 7.592608 0.000000
10000 300.000000 0.250000 7.361505 0.000000
10000 300.000000 0.070000 5.550163 0.000000
10000 300.000000 0.250000 3.245513 0.000000
10000 300.000000 0.070000 0.304413 0.000000
10000 300.000000 0.350000 -17.265564 0.000000
10000 300.000000 0.600000 -17.086581 0.000000
10000 300.000000 0.600000 -30.188361 0.000000
10000 300.000000 0.700000 -29.606730 0.000000
10000 300.000000 0.600000 -24.615841 0.000000
10000 300.000000 0.350000 -22.782861 0.000000
10000 300.000000 0.600000 -24.240236 0.000000
10000 300.000000 0.700000 -28.823811 0.000000
10000 300.000000 0.600000 -16.926904 0.000000
10000 300.000000 0.600000 -31.714134 0.000000
10000 300.000000 0.500000 -13.251685 0.000000
10000 300.000000 0.350000 -17.741047 0.000000
10000 300.000000 0.350000 -14.999403 0.000000
10000 300.000000 0.350000 -23.533860 0.000000
10000 300.000000 0.500000 -30.486809 0.000000
10000 300.000000 0.800000 -35.020474 0.000000
10000 300.000000 0.800000 -33.145537 0.000000
10000 300.000000 0.900000 -33.957929 0.000000
10000 300.000000 0.600000 -27.948763 0.000000
10000 300.000000 0.800000 -33.162677 0.000000
10000 300.000000 0.900000 -33.118417 0.000000
10000 300.000000 1.000000 -34.782055 0.000000
10000 300.000000 1.000000 -30.243218 0.000000
10000 300.000000 0.600000 -31.965368 0.000000
10000 300.000000 0.600000 -21.951702 0.000000
10000 300.000000 0.600000 -22.804563 0.000000
10000 300.000000 0.500000 -25.230514 0.000000
10000 300.000000 0.350000 -20.847285 0.000000
10000 300.000000 0.350000 -17.223733 0.000000
10000 300.000000 0.500000 -29.981867 0.000000
10000 300.000000 0.800000 -31.201908 0.000000
10000 300.000000 0.600000 -34.178497 0.000000
10000 300.000000 0.700000 -33.618269 0.000000
10000 300.000000 0.600000 -26.770469 0.000000
10000 300.000000 0.700000 -34.188529 0.000000
10000 300.000000 0.500000 -26.668828 0.000000
10000 300.000000 0.500000 -30.531367 0.000000
10000 300.000000 0.600000 -26.860248 0.000000
10000 300.000000 0.600000 -23.932313 0.000000
10000 300.000000 1.000000 -34.803078 0.000000
10000 300.000000 0.800000 -38.729042 0.000000
10000 300.000000 1.000000 -37.490829 0.000000
10000 300.000000 0.800000 -36.762223 0.000000
10000 300.000000 1.000000 -38.555294 0.000000
10000 300.000000 1.000000 -37.693542 0.000000
10000 300.000000 1.000000 -39.228783 0.000000
10000 300.000000 1.000000 -33.108956 0.000000
10000 300.000000 0.700000 -28.870519 0.000000
10000 300.000000 0.900000 -34.960853 0.000000
10000 300.000000 1.000000 -38.015966 0.000000
10000 300.000000 1.000000 -24.002421 0.000000
10000 300.000000 0.600000 -20.333339 0.000000
10000 300.000000 0.900000 -38.288559 0.000000
10000 300.000000 0.900000 -34.421064 0.000000
10000 300.000000 1.000000 -38.694982 0.000000
10000 300.000000 0.900000 -38.238609 0.000000
10000 300.000000 0.900000 -37.345808 0.000000
10000 300.000000 1.000000 -39.446650 0.000000
10000 300.000000 0.900000 -34.956466 0.000000
10000 300.000000 0.900000 -36.679994 0.000000
10000 300.000000 1.000000 -37.688888 0.000000
10000 300.000000 0.350000 -13.177650 0.000000
10000 300.000000 0.350000 -11.716117 0.000000
10000 300.000000 0.350000 -3.293141 0.000000
10000 300.000000 0.350000 -17.518332 0.000000
10000 300.000000 1.000000 -38.344326 0.000000
10000 300.000000 1.000000 -34.676228 0.000000
10000 300.000000 0.800000 -35.943808 0.000000
10000 300.000000 0.800000 -34.424905 0.000000
10000 300.000000 0.700000 -24.700585 0.000000
10000 300.000000 0.600000 -27.118944 0.000000
10000 300.000000 0.500000 -22.741123 0.000000
10000 300.000000 0.500000 -27.307881 0.000000
10000 300.000000 0.500000 -21.732995 0.000000
10000 300.000000 0.170000 4.458558 0.000000
10000 300.000000 0.020000 14.406933 0.000000
10000 300.000000 0.020000 11.336628 0.000000
10000 300.000000 0.170000 8.440294 0.000000
10000 300.000000 0.040000 21.132604 0.000000
10000 300.000000 0.070000 5.894844 0.000000
10000 300.000000 0.170000 9.086216 0.000000
10000 300.000000 0.100000 7.716505 0.000000
10000 300.000000 0.040000 10.508098 0.000000
10000 300.000000 0.100000 21.976681 0.000000
10000 300.000000 0.002000 54.987017 0.000000
10000 300.000000 0.004000 8.826922 0.000000
10000 300.000000 0.002000 24.919048 0.000000
10000 300.000000 0.020000 38.676194 0.000000
10000 300.000000 0.008000 8.390254 0.000000
10000 300.000000 0.170000 9.584360 0.000000
10000 300.000000 0.010000 59.470398 0.000000
10000 300.000000 0.004000 32.000075 0.000000
10000 300.000000 0.100000 8.191704 0.000000
10000 300.000000 0.250000 3.862193 0.000000
10000 300.000000 0.008000 22.337084 0.000000
10000 300.000000 0.020000 8.682259 0.000000
10000 300.000000 0.040000 12.718271 0.000000
10000 300.000000 0.040000 4.506321 0.000000
10000 300.000000 0.004000 58.986910 0.000000
10000 300.000000 0.008000 137.485016 0.000000
10000 300.000000 0.010000 12.067276 0.000000
10000 300.000000 0.040000 50.591972 0.000000
10000 300.000000 0.008000 29.648324 0.000000
10000 300.000000 0.008000 176.562059 0.000000
10000 300.000000 0.008000 22.586850 0.000000
10000 300.000000 0.040000 31.711261 0.000000
10000 300.000000 0.040000 25.266517 0.000000
10000 300.000000 0.000001 786.270670 0.000000
10000 300.000000 0.008000 43.353510 0.000000
10000 300.000000 0.000001 2309.962937 0.000000
10000 300.000000 0.000001 248402.212647 0.000000
10000 300.000000 0.000001 55665.082808 0.000000
10000 300.000000 0.000001 606264.898644 0.000000
10000 300.000000 0.000001 5952.071607 0.000000
10000 300.000000 0.000001 2997.055458 0.000000
10000 300.000000 0.000001 152361.930489 0.000000
10000 300.000000 0.000001 131.164915 0.000000
10000 300.000000 0.040000 8.894905 0.000000
10000 300.000000 0.170000 7.526128 0.000000
10000 300.000000 0.170000 6.274087 0.000000
10000 300.000000 0.040000 -0.442478 0.000000
10000 300.000000 0.010000 4.072667 0.000000
10000 300.000000 0.040000 11.022412 0.000000
10000 300.000000 0.004000 41.903167 0.000000
10000 300.000000 0.008000 133.669653 0.000000
10000 300.000000 0.010000 18.806739 0.000000
10000 300.000000 0.010000 128.512219 0.000000
10000 300.000000 0.004000 142.057056 0.000000
10000 300.000000 0.008000 32.433087 0.000000
10000 300.000000 0.002000 13.270238 0.000000
10000 300.000000 0.020000 9.100253 0.000000
10000 300.000000 0.070000 5.118218 0.000000
10000 300.000000 0.020000 112.050491 0.000000
10000 300.000000 0.004000 48.335999 0.000000
10000 300.000000 0.008000 13.320561 0.000000
10000 300.000000 0.020000 18.525659 0.000000
10000 300.000000 0.020000 31.707046 0.000000
10000 300.000000 0.004000 45.857561 0.000000
10000 300.000000 0.008000 109.236378 0.000000
10000 300.000000 0.170000 8.029326 0.000000
10000 300.000000 0.250000 5.149193 0.000000
10000 300.000000 0.040000 10.013608 0.000000
10000 300.000000 0.008000 4.844191 0.000000
10000 300.000000 0.170000 4.365243 0.000000
10000 300.000000 0.010000 112.102519 0.000000
10000 300.000000 0.004000 40.271493 0.000000
10000 300.000000 0.008000 91.637862 0.000000
10000 300.000000 0.002000 63.241841 0.000000
10000 300.000000 0.002000 117.775953 0.000000
10000 300.000000 0.002000 6.260338 0.000000
10000 300.000000 0.004000 16.788304 0.000000
10000 300.000000 0.004000 88.813616 0.000000
10000 300.000000 0.008000 21.654423 0.000000
10000 300.000000 0.020000 118.229077 0.000000
10000 300.000000 0.004000 229.488274 0.000000
10000 300.000000 0.002000 259.515786 0.000000
10000 300.000000 0.004000 11.454272 0.000000
10000 300.000000 0.020000 16.652552 0.000000
10000 300.000000 0.070000 3.838667 0.000000
10000 300.000000 0.040000 5.660259 0.000000
10000 300.000000 0.010000 3.266819 0.000000
10000 300.000000 0.040000 8.223900 0.000000
10000 300.000000 0.170000 2.909565 0.000000
10000 300.000000 0.170000 4.007433 0.000000
10000 300.000000 0.100000 4.908300 0.000000
10000 300.000000 0.100000 12.223715 0.000000
10000 300.000000 0.100000 13.620372 0.000000
10000 300.000000 0.250000 -0.865786 0.000000
10000 300.000000 0.250000 -4.586851 0.000000
10000 300.000000 0.100000 4.136967 0.000000
10000 300.000000 0.250000 4.195521 0.000000
10000 300.000000 0.040000 2.229118 0.000000
10000 300.000000 0.070000 7.358028 0.000000
10000 300.000000 0.170000 8.165303 0.000000
10000 300.000000 0.100000 6.964048 0.000000
10000 300.000000 0.100000 15.217824 0.000000
10000 300.000000 0.040000 -0.290136 0.000000
10000 300.000000 0.170000 -7.424873 0.000000
10000 300.000000 0.170000 10.230233 0.000000
10000 300.000000 0.170000 3.947211 0.000000
10000 300.000000 0.250000 3.043051 0.000000
10000 300.000000 0.010000 10.669511 0.000000
10000 300.000000 0.170000 1.236665 0.000000
10000 300.000000 0.250000 3.245854 0.000000
10000 300.000000 0.170000 -5.811694 0.000000
10000 300.000000 0.070000 11.852780 0.000000
10000 300.000000 0.002000 99.562304 0.000000
